0 0
0 67
1 66
2 66
3 53
4 53
5 48
6 48
7 50
8 50
9 53
10 53
11 61
12 61
13 64
14 64
15 61
16 56
17 56
18 57
19 57
20 54
21 54
22 56
23 56
24 56
25 60
26 60
27 50
28 50
29 51
30 51
31 48
32 48
33 44
34 53
35 53
36 50
37 50
38 53
39 53
40 38
41 38
42 23
43 23
44 34
45 34
46 43
47 43
48 56
49 56
50 67
51 67
52 67
53 64
54 64
55 64
56 78
57 78
58 80
59 80
60 64
61 64
62 64
63 0
64 0
65 0
66 0
67 0
68 3
69 13
70 38
71 98
72 100
73 99
74 97
75 99
76 99
77 100
78 100
79 99
80 99
81 98
82 99
83 94
84 99
85 97
86 98
87 97
88 100
89 98
90 97
91 97
92 100
93 93
94 100
95 96
96 99
97 100
98 94
99 100
100 99
101 98
102 93
103 97
104 100
105 100
106 97
107 100
108 95
109 100
110 95
111 98
112 99
113 96
114 76
115 46
116 16